# unix_time, cycles_done, cur_path, paths_total, pending_total, pending_favs, map_size, unique_crashes, unique_hangs, max_depth, execs_per_sec
1569499576, 0, 0, 6, 6, 4, 0.27%, 0, 0, 1, 7.31
1569499581, 0, 0, 8, 8, 4, 0.27%, 0, 0, 2, 7.61
1569499591, 0, 0, 9, 9, 4, 0.27%, 0, 0, 2, 7.52
1569499597, 0, 0, 11, 11, 4, 0.27%, 1, 0, 2, 6.90
1569499602, 0, 0, 13, 13, 4, 0.30%, 1, 0, 2, 6.03
1569499607, 0, 0, 15, 15, 4, 0.30%, 1, 0, 2, 6.43
1569499622, 0, 0, 17, 17, 4, 0.31%, 3, 0, 2, 7.41
1569499627, 0, 0, 18, 18, 4, 0.31%, 3, 0, 2, 7.47
1569499632, 0, 0, 19, 19, 4, 0.31%, 3, 0, 2, 7.51
1569499642, 0, 0, 20, 20, 4, 0.32%, 3, 0, 2, 7.33
1569499648, 0, 0, 22, 22, 4, 0.32%, 3, 0, 2, 7.34
1569499653, 0, 0, 23, 23, 4, 0.32%, 3, 0, 2, 7.31
1569499709, 0, 0, 24, 24, 4, 0.33%, 3, 0, 2, 6.90
1569499719, 0, 0, 25, 25, 4, 0.33%, 3, 0, 2, 7.30
1569499730, 0, 0, 26, 26, 4, 0.33%, 3, 0, 2, 7.34
1569499750, 0, 0, 27, 27, 4, 0.33%, 3, 0, 2, 7.33
1569499786, 0, 0, 29, 29, 4, 0.34%, 4, 0, 2, 7.25
1569499791, 0, 0, 31, 31, 4, 0.34%, 4, 0, 2, 7.35
1569499801, 0, 0, 32, 32, 4, 0.34%, 5, 0, 2, 7.45
1569499807, 0, 0, 32, 32, 4, 0.34%, 7, 0, 2, 7.40
1569499817, 0, 0, 33, 33, 4, 0.34%, 8, 0, 2, 7.22
1569499822, 0, 0, 33, 33, 4, 0.34%, 10, 0, 2, 7.37
1569499827, 0, 0, 33, 33, 4, 0.34%, 11, 0, 2, 7.40
1569499832, 0, 0, 33, 33, 4, 0.34%, 12, 0, 2, 7.48
1569499837, 0, 0, 34, 34, 4, 0.34%, 14, 0, 2, 7.55
1569499853, 0, 0, 34, 34, 4, 0.34%, 15, 0, 2, 7.42
1569499925, 0, 0, 35, 35, 4, 0.34%, 15, 0, 2, 7.48
1569499930, 0, 0, 38, 38, 4, 0.35%, 15, 0, 2, 7.50
1569499935, 0, 0, 41, 41, 4, 0.35%, 16, 0, 2, 7.41
1569499940, 0, 0, 45, 45, 4, 0.36%, 16, 0, 2, 7.44
1569499945, 0, 0, 48, 48, 4, 0.36%, 16, 0, 2, 7.45
1569499950, 0, 0, 51, 51, 4, 0.36%, 16, 0, 2, 7.49
1569499955, 0, 0, 52, 52, 4, 0.36%, 17, 0, 2, 7.54
1569499960, 0, 0, 53, 53, 4, 0.36%, 18, 0, 2, 7.52
1569499965, 0, 0, 56, 56, 4, 0.37%, 19, 0, 2, 7.54
1569499971, 0, 0, 58, 58, 4, 0.37%, 20, 0, 2, 7.40
1569499976, 0, 0, 62, 62, 4, 0.38%, 20, 0, 2, 7.42
1569499981, 0, 0, 64, 64, 4, 0.38%, 21, 0, 2, 7.49
1569499986, 0, 0, 66, 66, 4, 0.38%, 22, 0, 2, 7.43
1569499991, 0, 0, 68, 68, 4, 0.38%, 22, 0, 2, 7.51
1569499996, 0, 0, 70, 70, 4, 0.38%, 22, 0, 2, 7.55
1569500001, 0, 0, 71, 71, 4, 0.38%, 22, 0, 2, 7.43
1569500006, 0, 0, 73, 73, 4, 0.38%, 22, 0, 2, 7.45
1569500017, 0, 0, 75, 75, 4, 0.38%, 22, 0, 2, 7.46
1569500022, 0, 0, 77, 77, 4, 0.38%, 23, 0, 2, 7.49
1569500027, 0, 0, 79, 79, 4, 0.38%, 24, 0, 2, 7.29
1569500032, 0, 0, 79, 79, 4, 0.38%, 27, 0, 2, 7.43
1569500037, 0, 0, 81, 81, 4, 0.38%, 27, 0, 2, 7.46
1569500042, 0, 0, 82, 82, 4, 0.38%, 27, 0, 2, 7.47
1569500047, 0, 0, 84, 84, 4, 0.38%, 27, 0, 2, 7.48
1569500052, 0, 0, 85, 85, 4, 0.38%, 28, 0, 2, 7.20
1569500057, 0, 0, 85, 85, 4, 0.38%, 29, 0, 2, 7.48
1569500063, 0, 0, 85, 85, 4, 0.38%, 30, 0, 2, 7.31
1569500068, 0, 0, 86, 86, 4, 0.38%, 30, 0, 2, 7.31
1569500073, 0, 0, 86, 86, 4, 0.38%, 31, 0, 2, 7.38
1569500078, 0, 0, 86, 86, 4, 0.38%, 33, 0, 2, 7.47
1569500083, 0, 0, 86, 86, 4, 0.38%, 34, 0, 2, 7.47
1569500093, 0, 0, 87, 87, 4, 0.38%, 35, 0, 2, 7.54
1569500099, 0, 0, 87, 87, 4, 0.38%, 37, 0, 2, 7.39
1569500104, 0, 0, 87, 87, 4, 0.38%, 38, 0, 2, 7.33
1569500119, 0, 0, 89, 89, 4, 0.38%, 38, 0, 2, 7.48
1569500124, 0, 0, 91, 91, 4, 0.38%, 38, 0, 2, 7.34
1569500129, 0, 0, 92, 92, 4, 0.38%, 38, 0, 2, 7.46
1569500145, 0, 0, 93, 93, 4, 0.38%, 39, 0, 2, 7.43
1569500176, 0, 0, 94, 94, 4, 0.38%, 40, 0, 2, 7.41
1569500196, 0, 0, 94, 94, 4, 0.38%, 41, 0, 2, 7.42
1569500201, 0, 0, 95, 95, 4, 0.38%, 42, 0, 2, 7.36
1569500206, 0, 0, 95, 95, 4, 0.38%, 43, 0, 2, 7.20
1569500232, 0, 0, 96, 96, 4, 0.38%, 43, 0, 2, 7.45
1569500237, 0, 0, 98, 98, 4, 0.38%, 43, 0, 2, 7.39
1569500268, 0, 0, 98, 98, 4, 0.38%, 44, 0, 2, 7.45
1569500278, 0, 0, 98, 98, 4, 0.38%, 45, 0, 2, 7.27
1569500299, 0, 0, 100, 100, 4, 0.38%, 45, 0, 2, 7.36
1569500345, 0, 0, 102, 102, 4, 0.38%, 45, 0, 2, 7.26
1569500360, 0, 0, 102, 102, 4, 0.38%, 46, 0, 2, 7.46
1569500375, 0, 0, 103, 103, 4, 0.38%, 46, 0, 2, 7.52
1569500406, 0, 0, 103, 103, 4, 0.38%, 47, 0, 2, 7.42
1569500422, 0, 0, 104, 104, 4, 0.38%, 47, 0, 2, 7.33
1569500448, 0, 1, 104, 103, 28, 0.38%, 47, 0, 2, 6.83
1569501134, 0, 1, 104, 103, 28, 0.38%, 48, 0, 2, 7.44
1569501453, 0, 4, 104, 102, 27, 0.38%, 48, 0, 2, 7.46
1569501469, 0, 4, 105, 103, 27, 0.38%, 48, 0, 2, 7.29
1569501474, 0, 4, 106, 104, 27, 0.38%, 48, 0, 2, 7.35
1569501495, 0, 4, 107, 105, 27, 0.38%, 48, 0, 2, 6.59
1569501536, 0, 4, 108, 106, 27, 0.38%, 48, 0, 2, 7.40
1569501603, 0, 4, 109, 107, 27, 0.38%, 48, 0, 2, 7.42
1569501675, 0, 4, 110, 108, 27, 0.38%, 48, 0, 2, 7.46
1569501686, 0, 4, 111, 109, 27, 0.38%, 48, 0, 2, 7.33
1569501747, 0, 4, 112, 110, 27, 0.38%, 48, 0, 2, 7.25
1569501783, 0, 4, 113, 111, 27, 0.38%, 48, 0, 2, 7.12
1569501799, 0, 4, 114, 112, 27, 0.38%, 48, 0, 2, 7.44
1569501809, 0, 4, 115, 113, 27, 0.38%, 48, 0, 2, 7.46
1569501814, 0, 4, 116, 114, 27, 0.38%, 48, 0, 2, 7.46
1569502092, 0, 4, 117, 115, 27, 0.38%, 48, 0, 2, 7.44
1569502159, 0, 4, 118, 116, 27, 0.38%, 48, 0, 2, 7.41
1569502169, 0, 4, 119, 117, 27, 0.38%, 48, 0, 2, 7.28
1569503630, 0, 4, 120, 118, 27, 0.38%, 48, 0, 2, 7.43
1569503661, 0, 4, 121, 119, 27, 0.38%, 48, 0, 2, 7.30
1569503718, 0, 4, 122, 120, 27, 0.38%, 48, 0, 2, 7.44
1569503738, 0, 4, 123, 121, 27, 0.38%, 48, 0, 2, 7.52
1569503754, 0, 4, 124, 122, 27, 0.38%, 48, 0, 2, 7.37
1569504181, 0, 4, 125, 123, 27, 0.38%, 48, 0, 2, 7.48
1569505123, 0, 4, 126, 124, 27, 0.38%, 49, 0, 2, 7.35
1569505128, 0, 4, 129, 127, 27, 0.38%, 49, 0, 2, 7.47
1569505133, 0, 4, 131, 129, 27, 0.38%, 49, 0, 2, 7.41
1569505138, 0, 4, 133, 131, 27, 0.38%, 49, 0, 2, 7.49
1569505144, 0, 4, 134, 132, 27, 0.38%, 51, 0, 2, 7.49
1569505149, 0, 4, 135, 133, 27, 0.38%, 51, 0, 2, 7.57
1569505154, 0, 4, 136, 134, 27, 0.38%, 51, 0, 2, 7.53
1569505164, 0, 4, 137, 135, 27, 0.38%, 51, 0, 2, 7.45
1569505174, 0, 4, 138, 136, 27, 0.38%, 51, 0, 2, 7.40
1569505179, 0, 4, 140, 138, 27, 0.38%, 51, 0, 2, 7.21
1569505184, 0, 4, 141, 139, 27, 0.38%, 51, 0, 2, 6.31
1569505190, 0, 4, 142, 140, 27, 0.38%, 51, 0, 2, 7.05
1569505215, 0, 4, 142, 140, 27, 0.38%, 52, 0, 2, 7.45
1569505231, 0, 4, 143, 141, 27, 0.38%, 52, 0, 2, 7.34
1569505236, 0, 4, 144, 142, 27, 0.38%, 52, 0, 2, 7.52
1569505241, 0, 4, 146, 144, 27, 0.38%, 52, 0, 2, 7.50
1569505246, 0, 4, 147, 145, 27, 0.38%, 52, 0, 2, 7.46
1569505256, 0, 4, 148, 146, 27, 0.38%, 52, 0, 2, 7.35
1569505262, 0, 4, 150, 148, 27, 0.38%, 52, 0, 2, 7.35
1569505287, 0, 4, 151, 149, 27, 0.38%, 52, 0, 2, 7.44
1569505292, 0, 4, 152, 150, 27, 0.38%, 52, 0, 2, 7.45
1569505313, 0, 4, 153, 151, 27, 0.38%, 52, 0, 2, 7.38
1569505323, 0, 4, 154, 152, 27, 0.38%, 52, 0, 2, 7.52
1569505333, 0, 4, 155, 153, 27, 0.38%, 52, 0, 2, 7.50
1569505338, 0, 4, 156, 154, 27, 0.38%, 52, 0, 2, 7.45
1569505343, 0, 4, 158, 156, 27, 0.38%, 52, 0, 2, 7.32
1569505364, 0, 4, 158, 156, 27, 0.38%, 53, 0, 2, 7.46
1569505384, 0, 4, 159, 157, 27, 0.38%, 53, 0, 2, 7.31
1569505389, 0, 4, 160, 158, 27, 0.38%, 53, 0, 2, 7.50
1569505405, 0, 4, 161, 159, 27, 0.38%, 53, 0, 2, 7.54
1569505456, 0, 4, 162, 160, 27, 0.38%, 53, 0, 2, 7.46
1569505461, 0, 4, 162, 160, 27, 0.38%, 54, 0, 2, 6.08
1569505466, 0, 4, 163, 161, 27, 0.38%, 54, 0, 2, 6.85
1569505481, 0, 4, 164, 162, 27, 0.38%, 54, 0, 2, 7.35
1569505512, 0, 4, 165, 163, 27, 0.38%, 54, 0, 2, 7.48
1569505517, 0, 4, 166, 164, 27, 0.38%, 54, 0, 2, 7.57
1569505532, 0, 4, 167, 165, 27, 0.38%, 54, 0, 2, 7.46
1569505538, 0, 4, 168, 166, 27, 0.38%, 54, 0, 2, 7.57
1569505548, 0, 4, 169, 167, 27, 0.38%, 54, 0, 2, 7.24
1569505584, 0, 4, 170, 168, 27, 0.38%, 54, 0, 2, 7.48
1569505614, 0, 8, 170, 167, 27, 0.38%, 54, 0, 2, 7.32
1569505933, 0, 15, 170, 166, 26, 0.38%, 54, 0, 2, 7.46
1569506261, 0, 24, 170, 165, 25, 0.38%, 54, 0, 2, 7.44
1569506580, 0, 28, 170, 164, 24, 0.38%, 54, 0, 2, 7.42
1569506904, 0, 28, 171, 165, 24, 0.38%, 54, 0, 3, 7.35
1569506919, 0, 29, 171, 164, 23, 0.38%, 54, 0, 3, 7.37
1569507243, 0, 30, 171, 163, 22, 0.38%, 54, 0, 3, 7.43
1569507572, 0, 31, 171, 162, 21, 0.38%, 54, 0, 3, 7.50
1569507824, 0, 34, 171, 161, 20, 0.38%, 54, 0, 3, 7.47
1569507845, 0, 35, 171, 160, 19, 0.38%, 54, 0, 3, 7.46
1569507993, 0, 36, 171, 159, 18, 0.38%, 54, 0, 3, 7.43
1569508476, 0, 39, 171, 158, 17, 0.38%, 54, 0, 3, 7.53
1569508835, 0, 48, 171, 157, 16, 0.38%, 54, 0, 3, 7.46
1569509112, 0, 50, 171, 156, 15, 0.38%, 54, 0, 3, 7.37
1569509174, 0, 51, 171, 155, 14, 0.38%, 54, 0, 3, 7.48
1569509379, 0, 53, 171, 154, 13, 0.38%, 54, 0, 3, 7.41
1569509549, 0, 53, 172, 155, 13, 0.38%, 54, 0, 3, 7.42
1569509569, 0, 54, 172, 154, 12, 0.38%, 54, 0, 3, 7.53
1569509914, 0, 55, 172, 153, 11, 0.38%, 54, 0, 3, 7.36
1569510972, 0, 55, 173, 154, 11, 0.38%, 54, 0, 3, 7.22
1569510977, 0, 55, 174, 155, 11, 0.38%, 54, 0, 3, 7.49
1569510987, 0, 55, 175, 156, 11, 0.41%, 54, 0, 3, 7.41
1569511007, 0, 55, 176, 157, 11, 0.41%, 54, 0, 3, 7.53
1569511028, 0, 55, 177, 158, 11, 0.41%, 54, 0, 3, 7.61
1569511074, 0, 55, 179, 160, 11, 0.42%, 54, 0, 3, 7.50
1569511084, 0, 55, 180, 161, 11, 0.42%, 54, 0, 3, 7.45
1569511089, 0, 55, 181, 162, 11, 0.42%, 54, 0, 3, 7.15
1569511135, 0, 55, 182, 163, 11, 0.42%, 54, 0, 3, 7.53
1569511141, 0, 55, 183, 164, 11, 0.42%, 54, 0, 3, 7.33
1569511227, 0, 55, 184, 165, 11, 0.42%, 54, 0, 3, 7.25
1569511264, 0, 55, 184, 165, 11, 0.42%, 55, 0, 3, 7.42
1569511345, 0, 55, 185, 166, 11, 0.42%, 55, 0, 3, 7.47
1569511386, 0, 55, 186, 167, 11, 0.42%, 55, 0, 3, 7.45
1569511422, 0, 56, 186, 166, 15, 0.42%, 55, 0, 3, 7.36
1569511494, 0, 57, 186, 165, 14, 0.42%, 55, 0, 3, 7.35
1569511694, 0, 60, 186, 164, 13, 0.42%, 55, 0, 3, 7.22
1569511961, 0, 63, 186, 163, 12, 0.42%, 55, 0, 3, 7.45
1569512757, 0, 70, 186, 162, 11, 0.42%, 55, 0, 3, 7.55
1569513009, 0, 75, 186, 161, 10, 0.42%, 55, 0, 3, 7.37
1569513569, 0, 89, 186, 160, 9, 0.42%, 55, 0, 3, 7.43
1569514779, 0, 92, 186, 159, 8, 0.42%, 55, 0, 3, 7.47
1569514795, 0, 92, 187, 160, 8, 0.42%, 55, 0, 3, 7.36
1569515812, 0, 98, 187, 159, 7, 0.42%, 55, 0, 3, 7.50
1569515863, 0, 98, 188, 160, 7, 0.42%, 55, 0, 3, 7.40
1569516701, 0, 125, 188, 159, 7, 0.42%, 55, 0, 3, 7.45
1569519554, 0, 125, 189, 160, 7, 0.42%, 55, 0, 3, 7.40
1569519579, 0, 160, 189, 159, 6, 0.42%, 55, 0, 3, 7.48
1569520399, 0, 171, 189, 158, 5, 0.42%, 55, 0, 3, 7.37
1569520404, 0, 171, 190, 159, 5, 0.42%, 55, 0, 4, 7.26
1569520414, 0, 171, 191, 160, 5, 0.42%, 55, 0, 4, 7.45
1569520419, 0, 171, 192, 161, 5, 0.42%, 55, 0, 4, 7.33
1569522265, 0, 171, 193, 162, 5, 0.42%, 55, 0, 4, 7.41
1569522291, 0, 174, 193, 161, 5, 0.42%, 55, 0, 4, 7.35
1569522322, 0, 174, 195, 163, 5, 0.42%, 55, 0, 4, 7.34
1569522353, 0, 174, 196, 164, 5, 0.42%, 55, 0, 4, 7.45
1569523536, 0, 174, 197, 165, 5, 0.42%, 55, 0, 4, 7.48
1569523556, 0, 177, 197, 164, 8, 0.42%, 55, 0, 4, 7.47
1569523665, 0, 177, 198, 165, 8, 0.43%, 55, 0, 4, 7.47
1569523670, 0, 177, 198, 165, 8, 0.43%, 56, 0, 4, 7.44
1569524849, 0, 177, 198, 165, 8, 0.43%, 57, 0, 4, 7.34
1569525131, 0, 177, 198, 165, 8, 0.43%, 58, 0, 4, 7.39
1569525539, 0, 177, 199, 166, 8, 0.43%, 58, 0, 4, 7.08
1569525750, 0, 177, 199, 166, 8, 0.43%, 59, 0, 4, 7.56
1569525755, 0, 181, 199, 165, 8, 0.43%, 59, 0, 4, 7.42
1569527239, 0, 181, 200, 166, 8, 0.43%, 59, 0, 4, 7.31
1569527446, 0, 184, 200, 165, 7, 0.43%, 59, 0, 4, 6.30
1569530307, 0, 193, 200, 164, 6, 0.43%, 59, 0, 4, 7.20
1569531473, 0, 194, 200, 163, 5, 0.43%, 59, 0, 4, 7.42
1569532637, 0, 195, 200, 162, 4, 0.43%, 59, 0, 4, 7.04
1569533811, 0, 196, 200, 161, 3, 0.43%, 59, 0, 4, 7.24
1569534017, 0, 196, 200, 161, 3, 0.43%, 60, 0, 4, 7.42
1569535184, 0, 197, 200, 160, 2, 0.43%, 60, 0, 4, 7.45
1569535292, 0, 197, 200, 160, 2, 0.43%, 61, 0, 4, 7.41
1569537596, 0, 197, 201, 161, 2, 0.43%, 61, 0, 5, 7.29
1569537642, 1, 37, 201, 160, 1, 0.43%, 61, 0, 5, 7.28
1569537683, 1, 38, 201, 159, 0, 0.43%, 61, 0, 5, 7.22
1569538454, 1, 47, 201, 158, 0, 0.43%, 61, 0, 5, 7.38
1569538547, 1, 48, 201, 157, 0, 0.43%, 61, 0, 5, 7.15
1569538552, 1, 50, 201, 157, 0, 0.43%, 61, 0, 5, 7.38
1569538557, 1, 53, 201, 157, 0, 0.43%, 61, 0, 5, 7.52
1569538562, 1, 54, 201, 157, 0, 0.43%, 61, 0, 5, 7.49
1569538567, 1, 56, 201, 157, 0, 0.43%, 61, 0, 5, 7.55
1569538572, 1, 57, 201, 157, 0, 0.43%, 61, 0, 5, 7.55
1569538577, 1, 63, 201, 157, 0, 0.43%, 61, 0, 5, 7.54
1569538582, 1, 70, 201, 157, 0, 0.43%, 61, 0, 5, 7.33
1569538587, 1, 72, 201, 157, 0, 0.43%, 61, 0, 5, 7.11
1569539706, 1, 80, 201, 156, 0, 0.43%, 61, 0, 5, 7.22
1569541345, 1, 84, 201, 155, 0, 0.43%, 61, 0, 5, 7.32
1569541988, 1, 86, 201, 154, 0, 0.43%, 61, 0, 5, 7.25
1569542670, 1, 87, 201, 153, 0, 0.43%, 61, 0, 5, 7.50
1569543733, 1, 89, 201, 152, 0, 0.43%, 61, 0, 5, 7.52
1569543739, 1, 92, 201, 152, 0, 0.43%, 61, 0, 5, 7.49
1569543744, 1, 95, 201, 152, 0, 0.43%, 61, 0, 5, 7.40
1569544220, 1, 96, 201, 151, 0, 0.43%, 61, 0, 5, 7.39
1569545182, 1, 97, 201, 150, 0, 0.43%, 61, 0, 5, 7.35
1569545589, 1, 100, 201, 149, 0, 0.43%, 61, 0, 5, 7.21
1569545923, 1, 101, 201, 148, 0, 0.43%, 61, 0, 5, 7.41
1569546427, 1, 104, 201, 147, 0, 0.43%, 61, 0, 5, 7.45
1569548703, 1, 104, 202, 148, 0, 0.43%, 61, 0, 5, 7.20
1569550354, 1, 104, 203, 149, 0, 0.43%, 61, 0, 5, 7.49
1569550370, 1, 104, 204, 150, 0, 0.43%, 61, 0, 5, 7.46
1569550390, 1, 104, 205, 151, 0, 0.43%, 61, 0, 5, 7.46
1569550410, 1, 104, 206, 152, 0, 0.43%, 61, 0, 5, 7.46
1569550425, 1, 104, 207, 153, 0, 0.43%, 61, 0, 5, 7.47
1569550431, 1, 104, 208, 154, 0, 0.43%, 61, 0, 5, 7.18
1569550441, 1, 104, 209, 155, 0, 0.43%, 61, 0, 5, 7.47
1569550477, 1, 104, 211, 157, 0, 0.43%, 61, 0, 5, 7.42
1569550482, 1, 104, 212, 158, 0, 0.43%, 61, 0, 5, 7.44
1569550492, 1, 104, 213, 159, 0, 0.43%, 61, 0, 5, 7.29
1569550497, 1, 104, 214, 160, 0, 0.43%, 61, 0, 5, 7.33
1569550508, 1, 104, 215, 161, 0, 0.43%, 61, 0, 5, 7.40
1569550554, 1, 104, 216, 162, 0, 0.43%, 61, 0, 5, 7.43
1569550564, 1, 104, 217, 163, 0, 0.43%, 61, 0, 5, 6.83
1569550574, 1, 104, 218, 164, 0, 0.43%, 61, 0, 5, 7.43
1569550615, 1, 104, 219, 165, 0, 0.43%, 61, 0, 5, 7.54
1569550646, 1, 104, 220, 166, 0, 0.43%, 61, 0, 5, 7.34
1569550682, 1, 104, 220, 166, 0, 0.43%, 62, 0, 5, 7.44
1569550692, 1, 104, 221, 167, 0, 0.43%, 62, 0, 5, 7.44
1569550713, 1, 104, 222, 168, 0, 0.43%, 62, 0, 5, 7.42
1569550743, 1, 104, 223, 169, 0, 0.43%, 62, 0, 5, 7.23
1569550754, 1, 104, 224, 170, 0, 0.43%, 62, 0, 5, 7.49
1569550820, 1, 116, 224, 169, 0, 0.43%, 62, 0, 5, 7.51
1569554880, 1, 120, 224, 168, 0, 0.43%, 62, 0, 5, 7.46
1569559052, 1, 125, 224, 167, 0, 0.43%, 62, 0, 5, 7.37
1569559057, 1, 127, 224, 167, 0, 0.43%, 62, 0, 5, 7.37
1569562395, 1, 130, 224, 166, 0, 0.43%, 62, 0, 5, 7.48
1569565370, 1, 132, 224, 165, 0, 0.43%, 62, 0, 5, 7.25
1569569589, 1, 135, 224, 164, 0, 0.43%, 62, 0, 5, 7.33
1569573001, 1, 139, 224, 163, 0, 0.43%, 62, 0, 5, 7.12
1569576833, 1, 159, 224, 162, 0, 0.43%, 62, 0, 5, 7.56
1569579062, 1, 159, 225, 163, 0, 0.43%, 62, 0, 5, 7.42
1569579082, 1, 162, 225, 162, 0, 0.43%, 62, 0, 5, 7.47
1569580283, 1, 162, 226, 163, 0, 0.43%, 62, 0, 5, 7.33
1569580309, 1, 174, 226, 162, 0, 0.43%, 62, 0, 5, 7.40
1569580314, 1, 176, 226, 162, 0, 0.43%, 62, 0, 5, 7.28
1569580330, 1, 176, 227, 163, 0, 0.43%, 62, 0, 5, 7.30
1569582676, 1, 176, 228, 164, 0, 0.43%, 62, 0, 5, 7.30
1569582691, 1, 176, 229, 165, 0, 0.43%, 62, 0, 5, 5.52
1569582706, 1, 176, 230, 166, 0, 0.43%, 62, 0, 5, 5.60
1569582758, 1, 176, 232, 168, 0, 0.43%, 62, 0, 5, 7.02
1569582768, 1, 176, 233, 169, 0, 0.43%, 62, 0, 5, 7.08
1569582815, 1, 176, 234, 170, 0, 0.43%, 62, 0, 5, 7.40
1569582928, 1, 176, 236, 172, 0, 0.43%, 62, 0, 5, 7.33
1569582949, 1, 176, 237, 173, 0, 0.43%, 62, 0, 5, 7.40
1569583047, 1, 176, 238, 174, 0, 0.43%, 62, 0, 5, 7.12
1569583052, 1, 176, 239, 175, 0, 0.43%, 62, 0, 5, 7.31
1569583140, 1, 177, 239, 174, 0, 0.43%, 62, 0, 5, 7.36
1569583145, 1, 179, 239, 174, 0, 0.43%, 62, 0, 5, 7.36
1569584897, 1, 181, 239, 173, 0, 0.43%, 62, 0, 5, 7.34
1569584902, 1, 189, 239, 173, 0, 0.43%, 62, 0, 5, 7.34
1569586929, 1, 193, 239, 172, 0, 0.43%, 62, 0, 5, 7.44
1569586934, 1, 194, 239, 172, 0, 0.43%, 62, 0, 5, 7.45
1569586944, 1, 195, 239, 172, 0, 0.43%, 62, 0, 5, 7.30
1569586950, 1, 196, 239, 172, 0, 0.43%, 62, 0, 5, 7.44
1569586960, 1, 197, 239, 172, 0, 0.43%, 62, 0, 5, 7.48
1569586965, 1, 198, 239, 172, 0, 0.43%, 62, 0, 5, 7.39
1569589564, 1, 199, 239, 171, 0, 0.43%, 62, 0, 5, 7.30
1569591409, 1, 201, 239, 170, 0, 0.43%, 62, 0, 5, 7.45
1569595563, 1, 201, 240, 171, 0, 0.43%, 62, 0, 5, 7.18
1569595568, 1, 201, 241, 172, 0, 0.43%, 62, 0, 5, 7.28
1569595666, 1, 203, 241, 171, 0, 0.43%, 62, 0, 5, 7.23
